# Tickers - serie diaria del dolar observado
# fuente: Banco Central de Chile, via mindicador.cl
# generado: 2026-09-12
# inicio: 1984-01-02
# fin: 2026-09-14
# unidad: centavos de peso (valor x 100); linea vacia = dia sin publicacion
8754
8762
8763
8766
8768


8770
8777
8778
8779
8781


8781
8785
8785
8787
8790


8790
8792
8795
8798
8796


8801
8801
8801
8802
8805


8808
8809
8809
8810
8809


8810
8813
8815
8819
8814


8814
8816
8817
8815
8818


8818
8816
8820
8818
8818


8817
8820
8821
8819
8820


8822
8819
8821
8819
8819


8820
8820
8821
8821
8820


8817
8823
8818
8820
8822


8820
8821
8823
8822
8820


8818
8820
8821
8832
8836


8845
8862
8871
8877



8887
8907
8913
8919
8927




8934
8959
8969


8977
8993
8997
9004
9008


9012
9020
9025
9026
9031



9036
9045
9050
9051


9056
9066
9069
9074
9074


9077
9088
9091
9094
9095


9099
9106
9108
9111
9114


9114
9122
9125
9125
9131


9132
9141
9139
9145
9147


9148
9157
9159
9163
9162


9165
9175
9178
9180
9181


9185
9192
9197
9198
9200


9204
9211
9215
9216
9218


9223
9229
9231
9235
9237


9242
9249
9254
9260
9259


9265
9268

9269
9276


9273
9276
9277
9283
9286


9291
9297
9292
9302
9296


9298
9309
9312
9302
9307


9303

9307
9329
9311


9317


9313
11498


11505
11550
11560
11560
11525


11543
11563
11569
11565
11575


11611
11584
11583
11585



11588
11609
11639
11649
11648


11672
11689
11709
11711
11718


11729
11758
11759

11774


11800
11792
11815
11808
11825


11843
11862
11885
11929
11948


11981
12018
12026
12039
12063


12100
12134
12144
12157
12177


12176
12229
12262
12265
12287


12320
12713
12777
12782
12783


12778
12732
12810
12814
12813


12821

12820
12834
12829




12824
12845
12849


12854
12864
12861
12871
12875


12894
12893
12901
12911
12906


12904
12916
12927
12933
12942


12940
12941
12950
12957
12943


12950
12965
12976
12972
12986


13000
13142
13125
13162
13188


13196
13220
13233
13231
13244


13249
13271
13285
14351
14411


14501
14531
14508
14485
14471


14460
14476
14496
14527
14566


14558
14576
14582
14612
14674


14688
14700
14710
14718
14708


14699
14750
14769
14768



14800
14803
14810
14807
14816


14830
14859
14866
14905
14937


14957
14967
14987
14991
15005


15017
15055

15077
15090


15098
15091
15100
15087
15123


15161
15175
15178
15188
15200


15245

15284
15291
15312


15330
15361
15381
15369
15376


15376
15416
15429
15432
15437


15448
15427
15458
15451
15459


15525
15547
15565
15568
15579


15602
15593
15600
15601
15615


15638
16959
16969
16986
16919


16917
16929
16960
16922
17035


17129
17045
17039
17047
17082


17197
17331
17366
17424
17458


17480
17512
17521
17541
17546


17562
17569
17582
17588
17614


17622
17645
17564

17659


17672
17685
17701
17707
17707


17720
17727
17735
17733
17746


17699
17754
17774
17782
17790


17802
17805

17817
17822


17833
17836


17845


17861
17865
17855
17860
17871


17870
17872
17887
17893
17898


17900
17907
17916
17919
17907


17896
17930
17924
17910
17845


17891
17895
17918
17961
17981


17994
17998
18007
17893



17960
18006
17991
18007
18000


17978
17964
17990
18020
18058


18081
18105
18113
18137
18140


18139
18158
18170
18169
18182


18183
18200
18207
18201
18202


18216
18210
18167
18153
18192


18232
18262
18288
18290
18277


18311
18313

18339
18348


18366


18386
18398


18417
18432
18441
18442
18447


18446
18453
18456
18475
18482


18495
18502
18517
18516
18522


18528
18537
18549
18555
18560


18570
18602
18586
18588
18595


18590
18583
18562
18590
18642


18669
18700
18723
18735
18741


18779
18793
18801
18813
18821


18850
18872
18875
18880
18880


18902
18891
18880
18939
18942


18917
18891
18903
18927
18945


18976
18981
18991
18997



19000
18943
19001
19001
18990


19011
19014
19006
18919
18839


18806
18792
18838
18872
18913


18917
18917
18942
18940
18963


18924
18847
18826




18788
18835
18806
18820
18814


18793
18759
18771
18752
18731


18676
18757

18793
18821


18855
18833
18818
18840
18805


18779
18771
18802
18785
18777


18773
18787
18840
18825
18785


18833
18790
18809
18793
18756


18799
18927
19076
19250
19280


19218
18966
18982
18912
18891


18856
18882
18900
18846
18860


18834
18859
18856
18888
18931


19103
19073
19156
19391
19447


19355
19293
19288
19255
19184


19184
19199
19292
19267
19278


19301
19247
19267
19394



19410
19490
19509
19545
19631


19641
19748
19759
19812
19763


19731
19801
19831
19830
19832


19852
19772
19817

19806


19816
19782
19815




19834
19871
19886
19888
19876


19895
19882
19883
19899
19910


19920
19903
19926
19926
19923


19912
19926
19938
19957
19960


19974
20011
20021
20030
20016


20047
20069
20071
20078
20083


20093
20117
20114
20121
20134


20137
20142
20149
20160
20166


20192
20226
20233
20243
20249


20271
20280
20286
20294
20296


20311
20332
20346
20356
20360



20372
20385
20384
20367


20322
20330
20272
20288
20295


20348
20428
20434

20451


20466
20500


20473


20470
20443
20449
20427
20371


20373
20312
20346
20275
20255


20299
20352
20462
20487
20546


20590
20627
20675
20683
20629


20518
20589
20649
20661
20659


20656
20582
20482
20527
20569


20608
20629
20615
20634
20628


20626
20645
20615
20584
20539


20539
20576
20623
20625
20613


20583
20584
20592
20554
20562


20576
20589
20635
20744
20897


20949
21055
21083
21119
21181


21263
21254
21084
21057



21093
21116
21092
21085
21058


21039
21105
21166
21154



21166
21167
21168
21175
21237


21264
21268
21263
21228



21244
21254
21206
21100
21078


21124
21137
21153
21196
21150


21180
21208
21266

21301


21371
21429
21463
21488
21480


21524
21555
21566
21624
21625


21675
21660
21632
21594
21595


21773
21861
21878

21918


21992
22087
22196
22206
22180



22216
22248
22288
22260


22299
22307
22301
22306
22350


22439
22443
22449
22439
22436


22451
22483
22497
22504
22505


22510
22505
22505
22501
22464


22476
22513
22492
22490
22468


22458
22367
22294
22372
22416


22457
22461
22433
22392
22387


22458
22509
22547
22561
22524


22544
22515
22535
22538
22503


22517
22534
22533
22479



22528
22497
22480
22384



22402
22436
22549
22688
22679


22513
22452
22535
22584
22567


22721
22762
22756
22735
22735



22843
22845
22865
22835


22889
22908
22953
23126
23162


23174
23227
23256
23271
23260


23245
23301
23331
23344
23332


23367
23321
23214
23272
23294


23389
23429
23416
23434
23412


23465
23478
23469
23502
23504


23515
23521
23531
23536
23503


23525

23538
23502
23250


23356
23556
23535
23518
23444


23462
23560
23554
23544



23692
23735
23811




23814
23826
24884
24804
24409


24770
24694
24512
24453
24384


24282
24200
24440
24452
24400


24473
24283
24123
24134
24115


24090
24176
24190
24096
23969


24148
23943
23998
23961
23892


23883
23973
23927
23967
23925


23952
23898
23890
24037
23985


24094
24279
24290
24256
24218


24149
24134
24173
24197
24244


24341
24279
24285
24337
24403


24440
24445
24458
24436
24470


24486
24458
24438
24433



24457
24406
24423
24417
24413


24441
24367
24221
24076
23844


23898
23906
23925
23928
23969


23965
24183
24255
24261
24396


24287
24305
24337
24419
24377


24377
24181
24217
24256
24369


24468
24480
24509
24555
24618


24688
24830
24860
24772
24764


24861
24807
24789

24887


24918
24928
24933
24867
24717


24687
24618
24605
24636
24634


24672
24806
24863
24962
25099


25034
24886

25079
24924


25113
25160
25163
25164
25191


25107
25068
24966
24921
24788


24754
24698
24577
24542
24597


24687
24590
24506
24477
24474


24480
24485
24519
24548
24533


24541
24564
24579
24556
24552



24591
24592
24568
24518


24541
24575
24601
24597
24610


24591
24581
24582
24581
24550


24629
24645
24565
24526
24471


24467
24516
24553
24565
24549



24574
24564
24578
24554


24577
24585
24603
24625
24638


24638
24589

24593
24637


24700
24714

24684
24664


24666
24677
24675
24680
24736


24801
24827
24810
24807
24795


24777

24760
24756
24747


24737
24729
24718
24708
24701


24628
24651
24627
24662
24549


24580
24589
24628
24598
24518


24506
24575
24547
24570
24488


24536
24524
24478

24436


24356
24347
24342
24325
24289


24340
24337
24304
24312
24337


24535
24599
24764
24757
24749


24720
24745
24849
24869
24873


24884
24807
24751
24770
24769


24831
24685
24658
24659
24587


24612
24637
24641
24587
24546


24562
24590
24584
24605
24586


24602
24531
24618
24547
24534


24598
24581
24589
24564
24585


24598
24611
24604
24590
24561


24599
24601
24604
24595
24582


24595
24603
24606
24618
24603


24630
24599
24598
24709
24713


24697
25000
25504
25622



25704
25715
25734
25706
25471


25224
24798
24894
24949
25041


25220
24997
25036
25070
25132


25153
25181
25214
25257
25258


25278
25281
25256
25247
25226



25238
25251
25211
25092


25216
25237
25189
25144
25080


25206
25198
25214
25210
25205


25299
25297
25321

25302


25356
25406
25449
25425
25414


25369
25226
25174
25308
25386


25763
26053
26304
26581
26572


26595
26607
26622
26720
26739


26843
26886
26941

26952


26963
27058
27133
27152
27179


27210
27223
27234
27255
27263


27285
27316
27343
27347
27354


27404
27417
27429
27430
27439


27470
27495
27497
27500
27506


27544
27573
27586
27577
27603


27653

27659
27677
27704


27739
27748
27721
27719
27779


27819
27835
27842
27854
27868


27907
27925
27942
27950
27957



28016
28009
28016
28018




28078
28063
28060


28096
28094
28072
28098
28102


28088
28107
28113
28111
28110


28163
28187
28185

28209


28239
28256
28293
28303
28322


28396
28413
28430
28430
28452


28506
28531

28553
28569


28613
28639
28655
28668
28669


28723
28775
28805
28824
28815


28897
28946
28995
29008
29021


29101
29126
29138
29138
29156


29268
29310
29321
29331



29411
29448
29442

29465


29529
29536
29479
29470
29492



29606
29662
29669
29658



29737
29732
29765
29766


29818
29782
29811
29786
29727


29710
29390
29374
29478
29684


29654
29666
29693
29713
29679


29696
29664
29540
29558
29503


29529
29498
29459
29308
29061


28786
28294
28088
28598
28880


29351
29459
29820
29884
29406


29372
29524
29548
29518
29405


29438
29468
29493
29463
29431


29515
29531
29511
29485
29485


29551
29547
29775
29973
30094


30173
30077
30142
29820
29764


29698
29607
29654
29671
29637


29649
29588
29505
29463



29507
29566
29592
29684
29730


29704
29713
29723
29715
29703


29714

29692
29673
29583


29581
29575
29577
29642
29623


29650
29741
29788
29837
29755



29759
29776
29780
29744


29725
29713
29714
29711
29656


29806
29899
29903
29821
29803


29787
29705
29577

29644


29656
29551
29534
29553
29515


29551
29556
29655
29727



29707
29700
29590
29553
29565


29762
29764
29627
29557
29514


29569
29597
29607
29624
29632


29699
29709
29728
29749
29787


29804
29820
29848
29867
29881


29942
29954
29975
29989
30001


30052
30063

30094
30099


30147
30298
30546
31169
31529


31070
31066
30892
30667
30421


30446
30971
30937
31145
31152


31275

31120
30830
30638


30584


30639
30675


30759
30775
30782
30735
30731


30758
30790
30804
30818
30821


30860
30923
30956
30978



31153
31215
31261
31302
31325


31490
31540
31554
31648
31676


31815
31871
31919

32177


32470
32543
32373
32436
32414


32489
32503
32533
32590
32602


32718
32739
32787
32823
32851


33007
33020
33111
33111
33119


33226
33284
33315
33347
33382


33478
33478
33497
33500
33493


33527
33532
33539
33555
33554


33599

33691
33775
33686




33709
33698
33667


33677
33687
33683
33688
33696


33705
33716
33765
33777
33776


33789
33747
33746
33725
33719


33738
33729
33732
33738
33734


33741
33739
33740
33739
33738


33747
33750
33748
33749
33744


33774
33758
33762
33760
33757


33772
33765
33768
33767
33766


33833
33907
33965
33911
33882


33899
33898
33859
33860
33867


33889
33952
33989
34036
34180


34315
34543
34487
34438



34410
34398
34284
34031
34168


34326
34175
33930
33856
33908


34005
34075
33983
33938
33891


33875
33942
33911
33905
33838


33886
33890

33744
33733


33741
33782
33766
33792
33799


33840
33867
33879
33945
34103


34242

34289
34379
34240


34237
34163
34165

34195


34252
34278
34289
34319
34324


34398
34428
34448
34479
34504


34588
34178
34429
34620
34435


34544
34755
34906
34830
34776


34804
34816
34987
35102
35351


35111
34966
35001
35002
34919


34826
34806
34773
34682
34657


34693
34707
34755
34805
34802


34826
34838
34823
34831
34838


34909
34924
34934
34946
34958


35011
35033
35053

35082


35150
35164
35203
35197
35194


35258
35273
35291
35304
35316


35370
35392
35420
35519
35473


35495
35506

35533
35522


35571
35584


35627


35663
35666
35680
35687
35668


35715
35729
35750
35787
35857


35880
35835
35833
35837
35833


35872
35891
35897
35909
35911


35957
35965
35970
35986
35982


36027
36045
36040
36046



36071
36114
36129
36130
36120


36219
36243
36295
36320
36335


36450
36481
36516
36550
36579


36675
36733
36799
36921
36833


36889
36947
36975
37017
37026


37141
37148
37165
37173
37168


37207
37211
37222
37285
37330


37297
37312

37405
37450


37487


37451
37410


37414
37407
37404
37406
37409


37449
37460
37473
37485
37493


37542
37551
37564
37576
35807


35973
35618
35629
35551
35380


35046
34726
34833
34993
35039


34982
34765
34714
34730
34751


34757
34670
34619
34681
34613


34608
34750
34866
34854
34730


34669
34651
34596
34481
34441


34448
34503
34584
34770
34840


34740
34823
34781
34927
35384


35203
35056
35076
35170
35194


35067
34953
34802
34719
34750


34724
34716
34676
34626
34621


34530
34406
34393
34462



34543
34606

34648
34669


34691
34656
34685
34678



34669
34657
34653
34631
34560


34540
34624
34602
34563
34561


34628
34674
34705

34685


34687
34719
34770
34773
34769


35199
35261
35056
35164
35179


35295
35322
35341
35389
35383


35374
35497
35576

35588


35711
35796
35971
35997
35907



35988
35871
35691
35615


35607
35739
35862
35968
36087


36053
36000
35974
36043
36118


36184
36189
36256
36366
36551


36680
36673
36514
36412
36417


36467
36498
36668
36799
36768


36609
36628
36707
36700
36741


36735
36763
36781
36800
36979


37244
37175
37243
37435
37436


37440
37480
37597
37708
37562


37633
37649
37646
37551



37450
37545
37427
37410



37601
37650
37713
37727
37727


37739
37665
37592
37531
37486


37451
37423
37383
37150
37040



37112
37125
37184
37117


37204
37265
37428
37533
37275


37346
37397
37391
37334
37338


37399
37272
37412
37416
37513


37600
37683
37635
37654
37674


37740
37857
37951
37903
37894


37945
38067
38120
38084
38078


38130
38170
38134
38084
38084


38131

38157
38137
38057


37941
37733
37745
37739
37820


37987
37959
38004
38036



38089
38195
38233




38212
38357
38364
38332
38359


38483
38408
38364
38474
38435


38424
38391
38356
38297
38366


38404
38338
38393
38612
38482


38437
38502
38582
38700
38800


38889
38843
38848
38753
38773


38736
38767
38765
38775
38839


38835
38886
38990
39017
39084


39131
39132
39128
39228
39425


39559
39877
39937
39746
39547


39676
39787
39867
39941
39864


39861
39905
39954
39967
39962


39981
40020
40106
40188
40188


40193
40141
40136
40033



39997
39937
39796
39897
39969


39956
40016
40009
40090
40176


40302
40316
40333
40379
40450


40515
40475
40443
40508
40494


40514
40531
40492
40425
40437


40541
40565
40478
40462



40536
40526
40493
40489
40510


40527
40528
40525
40514
40501


40475
40407
40332

40219


40039
39981
40167
40298
40376


40433
40441
40260
40292
40161


40252

40402
40465
40429


40539
40550
40545
40497
40456


40560
40606
40565
40438
40420


40513
40470
40430
40421
40402


40445
40442
40453
40494
40407


40565
40607
40641
40720
40741


40780
40762
40718
40661
40683


40764
40750
40722
40775
40788


40875
40895
40875
40851
40867


40889
40920
40866
40854
40806


40821
40749
40702
40728
40670


40720
40679
40698
40693
40674


40741
40868
40978
41006
40873


40926
40971
40987
41013
41083


41151
41258
41330
41348
41314


41356

41319
41316
41262


41273
41197
41191
41269
41315


41322
41241
41230
41216
41186



41244
41194
41187
41142


41158
41114
41080
41065
41014


41140
41181
41053
41075
41106


41342
41291
41291
41409
41493


41643
42033
41933
41956
42128


42389
42622

42915
42577


42271
42366
42615
42649
42566


42583
42554
42592
42713
42787


42868
42864
42990
43104



42847
42910
43108
43168
43062


42963
42959
42893
42908
43013


43014
43027
43060
43068
43095


43278
43369
43132
43002
42994


43065
43104
43099
43004
42924


42948
42914
42889
42772
42706


42854
42892
42847
42763
42744


42781
42713
42771
42868
42843


42947
42938
42893
43103
43264


43335
43228
43131
43088
43209


43252
43170
43123
43122
43052


43008
43011
43028
42958
42849


42851
42916
42810
42700



42689
42657
42545
42538
42470


42246
42138
42174
42200
42181


42340
42481
42242
42292
42446


42622
42541
42629
42812
42700


42613
42513
42502
42590
42550


42706
42605
42559
42539
42453


42428
42402
42402
42354
42383


42468
42449
42493
42414
42310


42337
42266
42181

42134


42247
42343
42246
42179
42172


42287
42179
42103
42073
42065


42041
41810
41773
41803
42039


41976
41813

41894
41834


41988
42047
41994
42006
42067


42177
41983
41839
41854
41894


41967
41916
41978
42105
42108


42221
42207
42258
42311
42284


42398
42272
42229
42159
42036


42053
42001
41903
41844
41956



41847
41889
41870
41808


41706
41646
41724
41754
41817


41914
42031
41889
41833
41743


41637
41599
41583
41574
41587


41644
41511
41524
41424
41416



41412
41451
41466
41373


41312
41365
41310
41241
41220


41232
41420
41365
41373
41388


41428
41594

41509
41393


41224
41022
41034
41064
41108


41073
41133
41023
41052
41025


40968

41115
40958
41106


41196
41097
41062
41196
41174


41221
41380
41379
41492
41427


41514
41568
41484
41454
41545


41575
41661
41643
40399
40065


39968
39787
39799

39838


39905
39969
40189
40476
40257


40385
40388
40296
40189
40265


40419
40487
40546
40647
40409


40292
40169
40381
40327
40440


40603
40500
40473
40748
40562


40450
40495
40506
40565
40615


40778
40891
40743
40665
40703


40819
40987
41079
40747
40906


40941
41019
41047
40948
40956


41150
41143
41224
41331
41677


41845
41898
41617
41408
41129


41141
41073
41049
40991
41194


41675
41435
41619
41584
41541


41189
40889
40785
41098
41078


40924
40911
40804
40765
40816


40917
40820
40776
40670
40522


40401
40097
39989
39711
39567


39426
39392
39567
39500



39472
39544
39513
39116
39110


39183
39030
38881
38905
38820



38782
38798
38645
38197


37706
37330
36922
37402
37496


37812
37301
37334
37413
37761


37516
37654
37479
37665
37573


37582
37775
37634
37763
37715


37446
37349
37296
37374
37275


36974
36875
36917

37104


37607
37649
37456
37285
37327


37258
37442
37616

37448


37395
37342
37664
37855
37614


37651
37672
37597
37568
37547


37570
37772
37799
37743
37735


37889
38185
38240
38321
38391


38393
38104
38045
38061
37983


38152
38422
38317
38302
38369


38540

38616
39347
39396


39166
39022
38949
38988
38966


39153
39137
39415
39553
39353


39346
39206
39173
39363
39308



39396
39399
39637
39556




39621
39487
39214


39219
39599
39874
39788
39674


39926
40345
40905
40363
40231


40154
40276
40389

40340


40383
40311
40396
40565
40828


41019
40958
40681
41094
41504


41620
41608

41507
41631


41803
41620
41393
41266
41213


41319
40857
40576
40533
40775


41027
40933
41065
41184
41585


41482
41423
41235
41423
41350


41243
41138
40951
41175



41148
41134
41080
40929
40754


40629
40643
40633
40592
40734



40715
40719
40790
40713



40691
40553
40476
40733


40616
40643
40754
40771
40663


40577
40595
40712
40806
40870


40959
41194
41068
41092
41040


41295
41386
41276
41229
41093


40977
40949
40998
41138
41008


40948
40934
40980
41014
41019


41144
41060
41176
41234
41211


41234
41218
41211
41253
41258


41228
41113
41110
41107
41050


41097
41154
41129
41071
41092


41153
41194
41236
41197
41155


41175
41168
41190
41207
41164


41164
41143
41078
40994



40974
40906
40959
40974
40918


40771
40717
40727
40705
40662


40697
40839
40731
40728
40686


40638
40681

40728
40711


40657
40473
40401
40389
40225


40271
40306
40405
40503
40650


40893

40931
40746
40659


40788
40807
40895
40874
40772


40893
40861
40993

41193


41055
41014
40993
41007
40969


40914
41032
40917
40840
40893


40970
41099
41063
41035
40968


41073
41077
41160
41134
41111


41185
41203
41155
41129
41113


41140
41135
40959
40880
40941


41055
41029
41043
40992
40983


41030
41063
41073
41100
41159


41260
41278
41239
41157
41121


41110
41050
41077

41012


41118
41026
41063
41084
41080


41091
41061
41068
41078
41079


41107
41142
41191
41225
41159


41192
41142

41214
41221


41169
41139


41159


41176
41180
41214
41194
41198


41298
41325
41322
41363
41359


41340
41332
41336
41347
41319


41368
41389
41534
41546
41547


41652
41691
41713
41716
41832


41801
41947
41928
42064



42121
42111
42084
42051
41795


41931
41873
41917
41923
41911


41899
41966
42026
42006
42058


42118
42167
42037
42003
42063


42119
42150
42309
42246
42122


41971
42098
42138
42174
42294


42275
42293
42285
42276
42275


42317
42312

42310
42359


42497


42487
42429


42441
42541
42434
42529
42517


42518
42545
42534
42575
42526


42589
42794
42195
42213
42222


42169
42075
42055
42007
41950


42011
41964
41923
41907
41853


41775
41739
41741
41680
41619


41598
41596
41615
41481
41309


41331
41344
41357
41289
41251


41313
41363
41439
41459
41478


41427
41410
41364
41299
41238


41359
41308
41338
41322
41347


41490
41562
41583
41528



41479
41569
41607
41639
41617


41689
41670
41712
41825
41880


41929
41845
41788
41790
41780


41684
41713
41791
41826
41792


41801
41841
41888

41909


41804
41805
41808
41810
41800


41799
41776
41859
41883
41848


41847
41884

41902
41891


41939
41953
41937

41903


41892
41907
41864
41866
41852


41828
41791
41778
41717
41661


41637
41583
41674
41677
41716


41710
41723
41727
41706
41657


41606
41647
41627
41585
41583


41630
41636
41650
41674
41635


41612
41659
41636
41691
41662


41704
41707
41719
41721
41684


41698
41695
41666
41678
41687


41710
41682
41599
41488
41370


41323
41305
41394
41311



41372
41413
41461
41431
41449


41579
41622
41527
41509
41473


41519
41572
41596
41605
41530


41513
41489
41429

41440


41461
41465
41404




41471
41424
41443
41460
41471


41496
41520
41447
41431
41403


41455
41461
41457
41391
41356


41392
41370
41286
41271
41234


41206
41208
41185
41209
41234


41314
41639
42558
41556
42087


42114
41858
41944
41820
41873


42506
42154
42437
42601
42400


42491
42328
42557
42751
42777


42846
42927
42919
43071
43541


43736
43718
43731
43804
43612



43797
43966

43868


43846
43827
43892
43756
43704


43920
43853
43811

43942


43889
43926
43981

43918


43958
44152
44344
44792
45911


45938
46695
46055
45491
45594


45637
45686
45767
45756
45815


45834
45579
45055
44960
45180


45425
45281
45337
45248
45208


45190
44912
44656
44221
44273


44438
44382
44153
44144
44402


44563
45142
45394
45426
45267


45167
45064
45019
45312
45326


45357
45366
45429
45396
45304


45243
45168
45145
45208
45203


45304
45264
45173
45157
45214


45332
45418
45434
45386
45418


45498
45478
45518
45508



45514
45451
45411
45343
45266


45343
45294
45265
45205
45180


45344
45387
45337
45281



45308
45251
45212
45293
45314


45275
45238
45265
45342
45292


45328
45398
45434

45383


45370
45371
45427
45531
45458


45503
45572
45568
45540
45539


45581
45579
45566

45581


45586
45596
45589
45588
45513


45510
45500
45565
45643
45735



46522
46802
47031
46792


46750
46518
46261
46398
46278


46413
46298
46223
46203
46187


46185
46142
46256
46516
46614


46512
46606
46587
46582
46521


46616
46740
46859
46986
46901


46930
46985
47173
47135
47090


47102
47230
47166
47174
47241


47401
47403
47300
47330
47436


47438
47337
47369
47292
47281


47427
47300
47236
47360



47498
47156
46830
46451



46922
46831
46725
46840
46792


46961
46753
46638
46725
46807


46784
46649
46487
46309
46310



46438
46333
46142
46068


45894
46150
46346
46245
46256


46322
46286
46368
46396
46249


46274
46139
46244
46308
46218


46303
46288
46336
46262
46244


46226
46108
46075
46158
46283


46361
46495
46616
46642
46636


46622
46804
46864
46964
47208


47377

47167
47273
47231


47350
47433
47469
47323
47221


47132
47043
47228
47541



47402
47367
47377




47241
47161
47057
46869
47088


47023
47112
47336
47796
47601


47877
47691
47854
47851
47838


47937
47834
47828
48044
48325


48834
48871
49099
49244
48992


48801
48975
49253
49270
49326


49347
49664
49757
49771
49654


49588
49429
49482
49666
49874


50115
50246
50235
50055
49669


49938
49512
49310
49254
48976


49034
49263
48986
48968
48983


48964
48945
48995
49015
48799


48505
48564
48383
48408



48627
48581
48270
48470
48556


48392
48286
48202
47905
47790


47666
47533
47611
47826
48152


48427
48458
48551
48547
48630


48392
48337
48099
47831
47846


47771
47651
47635
47896
48140


48618
48658
48715
48695



48992
49127
49606
49503
49240


49326
49104
49322

49507


49487
49428
49409
49668
49841


49863
49832
49788
50028
50316


50580
51261
51103
50880
51286


51738

51890
51793
51733


51731
51311
51244
51594
51760


51762
51924
51986
51810
51786


51716
51586
51476
51707
51851


51797
51748
51499
51413
51597


51304
51269
51358
51363
51335


51246
51114
51021
51123
51061


51171
51103
51152
51188
51351


51470
51387
51496
51516
51428


51519
51698
51749
51683
51960



52220
52373
52137
52233


52519
52444
52330
52471
52473


52367
52547
52526
52753
52842


53012
52872
52929
53111
53183


53184
53144
52979
53107
53103


53213

53274
53502
53690


54083
54286
54399
54265
54190


54115
54310
54450
54705
54757



54851
54806
54991
54978


55093
54909
54493
54211
54285


54039
53760
53852
53897
54073


54032
54091
53891
54065
54348


54583
54551
54679
54608
54602


54369
54209

54107
54015


54227
53871
53722
53708
53629


53556
53664
53723
53777
53443


53419
53122
53044
52770



53007
52728
52908
53067
52776


52351
52166
51979
52146
51708


51575
51656
51307
51607
51796


51829
51567
51562
51655
51761


51789
51779
51858
51726
51406


51501
51449
51473
51450
51572


51543
51480
51438
51308
51164


51170
51131
50928
50812
50669


50732
50398
50136
50315
50283


50361
50313
50533
50733
50563


50775
50765
50575
50678
50586


50629
50639
50535
50398
50297


50226
50278
50212
50104
50141


50222
50396
50300
50508
50562


50520
50539
50571
50534
50563


50841
51321
51133
50783



51040
51310
51289
51396
51561



51535
51446
51571
51759


51881
52235
52389
52608
52365


52025
52160
51658
51989
52081


52364
52542
52426
52573
52519


52543
52513
52477
52400
52290


52003
52047
52292
52442
52568


52831
53017
53229
53055
53199



53303
53149
53295
53431



53738
53728
53597
53861


53862
53746
53342
53557
53763


53599
53556
53491
53667
53993


54273
54263
54456
54736
54544


54552
54782
55097
55402
55446


55638
55742
55471
55074
55161


55453
55549
55337
55286
55262


55002

54528
54452
54641


54789
55054
54721
54585
54658


54759
54594
55826
56244
56302



56277
56815
56888
56953


56751
56648
56533
56565
56136




56222
56917
56841


56754
56232
56497
56743
56537


56349
56248
56085
56039
55845



56027
56351
56574
56694


56867
56679
56772
57185
56926


57141
57232
57359
57622
57741


57537
57194

56941
57180


57362
57234
57658
57432
57716


57527
57508
57248
57278
57145


57359
57456
57359
57474
57558


57610
57643
57929
58037
57859


57762
57656
57559
57377



57715
57693
57615
57487
57486


57350
57271
57085
57185
57339



57300
57355
57432
57268



57365
57419
57594
57144


57266
57406
57449
57454
57284


57238
57362
57287
57224
57201


57198
56844
56686
56756
56772


56634
56511
56362
56161
56268


56385
56458
56336
56177
56100


55931
55869
55713
55863
56159


56315
56306
56204
56462
56819


57188
56823
56721
57286
57391


57680
58886
58812
58809
58818


59420
59470
58876
58843
58576


59109
58947
58557
58613
59056


59537
58974
59055
59123
59291


59497
59599
59806
59716
59564


59501
59539
59550
59494



59842
60052
60091
59810
59677


60202
60288
60242
60531
60266


59989

59861
60253
60235


60140
60044
60166
60398
60258


60320
60526
60555
60571
60674



60653
60583
60595
60544


60595
60615
60765
61053
61085


61257
60829
60684
60660
60817



60763
61044
61348
61349


61420
61984
62349
62296
62260


62227
62300
62319
62489
62665



62900
63209
64044
64708


64664
64159
64623
66457
67074


66791
66886
66228
65609
66707


66321
65980
66078
66414
66498


66769
66438
66879
67779
67647


67266
67433
67726
67990
67892


68020
68385

68888
69099


67859
67715
67342
66821
66590


66458
66323
66244
65734
66057



66197
66347
66532
66658


66589
66734
68587
67876
67941


68901


69392
69521


69498
69100
69126
69489
69623


69502
69578
69587
69762
70173


70819
71355
71388
71499
70611



70732
70769
70312
70822


71373
71192
70765
71235
71472


71547
71661
71662

71236


71567
71111
70605
70376
69709


69725
70224
69579
68542
68161


68066
67597
67858
68342
67507


67692
67209
67013
67434
68190


68995
68211
67116
67350
67555


67064
66692
66565
66915
67152


66945
66696
66351
66058
66611


66956

66464
66046
65620




65479
65831
64869


65028
65463
65730
66771
67620


68311
67404
66397
67268
66676


67023
67037
66801
66846
67247


67131
67436
67833
67819
67623


67776
68438
68730
68729
68898


68625
68514
68105
67516
67578


67791
67576
67281
67186
67464


67539
67504
67267
67530
67230


67067
66664
66584
66829
66671


66185
66138
66259
65955
65544


65669
65615
65676
65747
66054


66550
67053
66594
66444



65590
65729
65628
65823
66278


65274
64807
64704
64175
64383


64572
64688
64635
64429
64910


64742
65222

65382
65650


65194
64909

64644
65040


65334
65552
65496
65353
65667


65914
65532
65562
65256
65031


65168

65182
65449
65560



65570
65639
65420
65444


65590
65739
66074
66158
66221


66315
66129
66320
66693
66617


66842
66732
66856
67496
68503


69377
70217
69463
70428
69762


68805
69030
69867
69713
69150


69460
69726
69991
69884
69671


69372
69701
69708
69390
69321


69250
69240
69605
70165
70261


70231
69930
70098
70357
70436


69771
69841
70108
69695
69221


69514
70096
70207

70221


70037
69919
69946
70230
70509


70675
70592
70623
71326
71516


71035
70926
71458
71735
71705


71720
71643
71919
72026
72131


72152
72476


72870


74110
74914
74667
74510
74501


74762
74873
74635
74281
74396


74373
74354
74491
75053
75656


74301
74562
74462
74618
74619


74512
74023
73670
73424
73583


73553
73195
73372
73324



72846
72129
71909
71868
71722


71108
71003
70962
70832
70864


70654
70175
69881
69722
69791


70689
70790
70768
70730
70510


70325
70031
70358
70980
70968


70536
70610
70333
69911
69294


69557
69512
69370
69592
69807


69708
70244

70573
70951


71238


71861
71873


71576
71019
71340
70922
71175


71307
71075
71261
71696
72066


72668
72556
72656
73255
72897


73435
73784
73708
73887
73434


73615
73310
73885
74467
74313


74148
74321
74309
74710
74890


74790
74214
74018
74385
74671


74936
75208
75526
75357
75354


75028
74811
75279
75552
75443


75679
75821
75477
75359
74809


74030
74161
73654
73738
74218


73425
73282
72827
72579
72987


72736
73156
72978
72161
72203


72154
71881
71996
72178
72504


72300
72049
71868
71511



71373
71438
71645
71251
70932


71206
71016
70532

70442


70072
69981
70120
69629
69498


69504
69653
69422
69887
70702


70872
70988

71373
70884


70530
70480
70889
71222
71012


71410
71025
71296
71316
71686


71225
71656
71740
71711
70831



70790
70524
70595
70719


70575
70546
70312
70389
70300


69723
69912
69853
69582
69711


69791
69750
70446
70347
70499


70457
70247
69957
69855
69831


70134
70186
70272
70485
70364


70161
69997
70222
70564
70621


70834
71322
71315
71086
70723


70215
70209
70352
70426



70343
70299
70425
70268
69918


69731
69711
69834
69974
69939


69791
69757
69621
69226
68541


68251
68223
68352
68076
67399


67108
67101
66772




66638
65949
65592
65711
65857


66406
66513
66097
65778
66163


65985
65986
65491
64650
64492


64641
64452
64171
64726
64543


64855
64652
64516
64221
63525


63529
63601
63588
63488
62810


62693
62664
62552
62602
62886


61883
61634
62360
62709
62655


62461
62157
62900
63223
63105


62888
62540
62193
62378
62451


62127
61785
61363
60610
60690



60833
60454
60745
60555


60092
59609
59810
59918
59991


59457
59380
59625

59513


59310
59942


59380


58769
57943
56518
56783
56861


56051
55921
56365
57208
56956


57740
57269
56713
56483
56576


57319
57861
57750
58503
59678


59142
57727
58118
58730
59534


59860
58696
58323
58245
57701


57640
57980
57255
57135
58124


58528
58665
58975
58802
59432


59287
58804
59028
59886
60138


59322
59347
59396
60110
60080


60140
60456
60571
60791
60335


60696
60764
61069
61462
61451


61715
61829
62321
61641
61055


60936
60570
60391
60683



60136
59956
59661
60377
60573


60184
59936
60075
60906
61413


61311
61062
61628
62215
62484


62498
62431
62225
62262
63061


63864
64442
64095
64176
64262


63822
64169
63936
63544



64331
64078
63747
63859
63481


63232
63602
64239
64189
64306



64461
64096
64483
64943


64945
64803
64840
64939
64816


64661
64647
64342
64162
63435



63425
63659
63630
63242


63039
63087
63201
63227
63195


63634
63407
63472
63186
62965


62234
62232
62346
62768
62753


63186
63907
64437
64281
63837


64140
64376
64160
64381
64186


63952
63876
63736
63975
64086


64025
63877
63512
63524
63161


63322
63033
62613
62703
62861


62656
62895
62510
62676
62555


62369
62193
62256
62032
61767


61833
61571
61546
61514



61106
60984
61263
61319
61385


61351
61187
60646
60696
60890


60810
60347
60031
60084
60292



59660
59805
60318
60892


61103
60833
60880
61585
61225


60751
61198
61272
61061
61520



61389
60919
60589
60187


60132
60021
60347
60154
60180


59790
59232
59360
58921
59028


59028
59518
59124
58844
58815


58716
58818
58865
58606
58350


58236
58134

58164
59238


59727
59005
57911
57846
57753


57704
56530
56608
56697
56416


56105
56113
55966
55983



55740
56030
56895
57132
56937


56795
56710
56753
56871
56705


57151
57463
58040
58009
58422


58045
57796
58492
58464
58583


58618
58540
58384
58255
57733


57569
57684
57935
58029
57535


57218
56955
56782
56935
56649


56641
56618
56322
56682
56950


57752
57355
57860
58708
58651


58775
58560
58571
58968
58819


58427
58872
59016
59169
59087


58505
58686
58383
58774



58733
58969
58729
58645
58593


58504
58895
58736
58519
58017


57668
57440
57602
57275
57742


57999
58460
57986
57796
57999


57698
57735
57997
58009
58287


58273
58054
57828
57458
57276


57083
57253
57366
57727
57620


57745
57902
58013
58140
57953



58359
58064
58008
58244


58063
58020
58300
58685
58632


58712
59275
59141
58968
59224


59237
59188
58938
58810
58490


58062
58255
57916
57773
57990



57999
58007
57892
57900


57841
58165
58210
58404
58667


58468
58354
58013
58107
57960


57804
57372
57124
57300
56794


56654
56689
56537
56402
56344


56177
56075
56006
55942
55378


54596
54543
54641
54251
53977



53781
53375
53366
53982


54607
54192
54434
54972
54525


54443
54776
54502
54153
54005


53487
53493
53562
53852
53415


53537
53633
53812
53646
53619



53435
53500
53458
53670


53877
53834
53889
53825
53369


52920
52817
52656
52750
52913



53044
52737
52966
53595


53805
53561
53574
53816
53510


53885
54398
54320
54663
54692


54372

54349
54487
54342


53994
53547
53514
53130
53105


52718
52815
52538
52414
52330


52678
52567
52788
52576
52469


52385
52109
51896
51863
51651


51298
51331
51097

50970


51566
51204
51138
51468
51672


51780
51838
51559
51092
51336


51455
51397
51484
51475
51421


51250
51318
51804
51545
51640


52200
52182
52406
52350
52341


52562
52610
52977
53536
53449


53149
53061
52804
52567
52918


52702
52478
52437
52842
52929


52998
52610
52651
53097
52881


52734
53188
53235
53095
52872


52268
52414
51891
52037
51691


51763
51776
51733
51675
51829


52228
52523
52931
53388
53055


53129
53208
53060
52718
52657


52670
52978
53351
53205
53115


53353
53500
53616
53481
52770


52618
52540
52103
52072
51917


51877
51783
51608
51244



51483
51153
51144
51354
51735


51634
51491
51535
51767
51862



51497
51587
51704
51446


51338
51350
51561
51276
51350


51635
52172
51877
52130
52272


52381
52941
52833
53292
52864


52552
52578
53111
53187
53200


52991
53359
53659
54168
54545



54103
54674
54451
54210


54303
54651
54783
54564
54657



54963
54805
54916
54731


53944
53756
53767
54054
53891


53858
53827
54029
53938
54146


54445
54593
54431
54235
53952


54071
54117
54037
54257
54014


53941
54002
54245
54125
54309


54178
54330
54521
54372
54536


54188

54187
53617
53069


53201
53092
53118
53222
53449


53703
53707
53812
53777
53961


53929
53663
53756
54001
54080


53953
54019
53811
53761
53762




53719
53771
53932


53991
53966
53813
53730
53822


53703
53390
53420
53513
53691



53763
53671
53646
53362


53215
53081
53106
52760
52671


52632
52693
52719
52502
52412


52456
52599

52475
52555


52577
52468
52334
52545
52498


52524
52704
52729
52811
52777


52913
52910
52966
52952
52917


53013
52960
53061
52929
52769


52591
52580
52478
52569



52485
52504
52620
52724
52676


52479
52547
52695
52691
52852



53047
53269
53387
53443



53239
53442
53822
54069


54041
54315
54227
54329
53827


53974
54038
54259
54275
54098


54154
54010
54084
53905
53888


54212
54396
54518
54449
54307


54631
54707
54724
54867
54822


54584
54643
54394
54067
53907


54004
53958
53906
53969
53621


53602
53529
53842
54007
54142


54049
54195
53785
53743
53681


53854
53920
53924
54015
53801


53697
53602
53580
53577
53536


53745
53849
53957
54077
53937


53921
53969
53786
53753



53681
53545
53493
53275
53252


53202
53051
52928
52931
53014


52849
52830
52910
52755
52749


52708

52596
52516
52354


52072
51783
51933
51913
51846


51833
51863
51818
51764
52141



52194
52201
52514
52561


52329
52631
52620
52752
52510


52430
52570
52477
52655
52763


52918
52785
52839
52932
52900


52643
52459
52410
52415
52541


52605
52738
52796
52978
52746



52686
52556
52386
52397


52216
51955
52001
51884
51681



51466
51533
51601
51300


51572
51482
51737
52055
52364


52429
52308
52117
52412
52110


52130
52320
52162
51819
52035


52278
51931

52122
52837


52452
52267
52319
52216
52410


52453
52429
52595
52553
52463


52325
52405
52336
52385
52141


52076
51768
51612
51526
51375





51429
51055


51207
51305
51393
51239
51172


51123
50923
50763
50561
50694


50389
50084
49846
49669
49374



49621
49956
50056
50320


50079
50425
50340
50465
50060


49477
49485
49464

49314


49627
50123
50090
50370
50417


50580
50739
50680
50496
50675


50760
50789
50901
51216
51311


51388
51426
51625
51224
50847


50538
50679
50623
50255
49699


49659
49763
49750
49819
49966


49803
50090
49902
49979
49785


49625

49560
49549
49582




49689
49805
49683


49573
49564
49021
48725
48483


48015
47167
47169
47828
47606


47632
48254
48086
47902
47141


46795
46946
46358
46530
46534


46465
46671
47235
47447
47644


47397
46893
46572
46641
46447


46517
46318
46436
46924
46829


46674
46720
46664
46326
45802


45395
45494
45311
44949
44487


44404
44031
43510
43238
43341


43454
43853
43122
43560



44736
45220
45086
44636
44148


43909
43771
43839
43712
44002


43636
43398
43715
43548
43417


44867
44948
45360
45619
45720


45602
45641
45234
44548
44849


45407
45405
45916

46149


46483
46623
46750
46942
47085


47103
46819
46650
46853
46699


46531
46705

47105
47183


47202
47482
47930
47940
47966


47954
48317
48520
48958
48253


48280
48355
48490
48561
49713


50055
49966
49235
49051
48862


49356
50139
50511
50758
51238


52014
52605
52925
51727
51116


51055
50740
50575
50257
50340


50397
49828

49305
48889


49516
49510
49025
49485
49388


49175
49359
49436
50278
50664


50596
51084
51132
51324
51184


51732
51958
51974
51791



51523
51932
52348
52079
52023


52005
52102
52315
51991
51647


51281
51506
51641
51681
51591


52318
52378
53075
53119
53374


52803
53242
54080




54501
53190
53360
54011
53941


54001
55247
55131
55556
57152


56835
58976
58837
60718
61086


63619
61672
60380
63133
63083


61661
61243
63146
65199
65138


66677
67675
67055
66496



66994
66819
64328
63293
62985


63588
62919
64343
64528
64047


63979
64525
64593
65452
66330


67249
67557
67231
66308
65943


66457
67109
66684
67483
67330



67339
66583
66496
65691


65375
64315
63804
63453
62620


63588
63264
62779

62559


62793
62911


63645


64091
64387
63323
63019
62950


61695
61009
61485
61585
62563


61548
62078
62481
62364
62230


62117
61694
61620
61189
61243


61710
62178
62387
61720
62028


61582
61013
60570
60212
59302


58332
58435
59237
59245
60417


61944
62141
59898
60069
59576


59904
60373
60929
61485
61079


60540
61018
60488
60147
59809


59400
58595
58329
59172
58424


58714
57978
57644
57447
57525


57239
58210
58326
58208
57512


58035
58220
58281
58061



57731
57780
57773
57934
57712


57866
58396
58313
58367
58423


58754
60011
60104
58862



58010
57355
56885
57112
56444


56253
56845
56809
57084
56420


56034
55911
55956

55895


56155
56239
56433
56560
56464


56058
56062
56252
56567
56612


56577
56871
56625
56562
56424


56209
56521
55314
54999
53981


53643
53442
53380
53269
53193



52907
53176
53499
54359


54137
54035
54042
54605
54765


55170
54868
54835

54130


53217
53133
53259
53361
53412


53822
54085
54472
54353
54190


54130
53822
53940
54099
54171


54298
54637
54979
54653
54536


55221
55871
55631
55265
54806


54350
54653
54619
54857
54855


55064
55335
55529
55774
55587


55242
55096
55187
55164
55403


55057
55188
55137
54572



54596
54450
54048
53971
54096


54466
54544
54607
55036
55330


55741
55611
55402
55357
55055



55444
55466
55248
54921


54761
54625
54263
54256
53675


53195
53289
53285
53115
53174


53183
52889
53149
52784
52407


52177
51567
50953
50601
50819


50409
49765
49409
49109
49820


50358
49451
49326
49233
49348


49584
49482
49578
49946
50264


50179

50291
50355
49589


49551
49711
49877
49843
50056


50259
50393
50719
50875



50662
50627
50643




50710
50570
50422
49793
49454


49237
48947
49116
49001
49300


49290
49089
49221
49520
49875


50636
50688
51212
52069
53175


52310
52848
52858
53551
54618


54335
54139
54123
53563
53355


52960
52548
52758
52781
53239


53321
52919
52852
53067
52969


52784
52494
52149
51581
51504


51123
50866
51279
51517
52081


51633
51645
52187
52689
52595


52778
53324
53387
53269
53233


53306
53221
52629
52446



52195
51951
51999
51746
51707


51491
51510
51535
51634
52101


52282
52513
52738
52394
52142


52125
51952
52265
52486
52099


51723
51844
52273
52760
52759


53299
52794
52996
52935
53223


53433
53860
54268
54917



54818
53993
54459
53935
53201


52923
53062
53310
53472
53525


54098
54532
54816
54245
53781


53757
53501
53615
53042
53036


53274
53032
53285
53556
53968



53787
54309
54719
54531


53836
53750
53588
53679
53631


53831
53902
53540
53498



53151
53223
53027
52462
51836


52009
51975
51919
52272
52236


52275
51716
51767
51643
51566


51472
51220
51344
51327
50961


50997
50628
50284
49998
50475


50780
50355
50633
50738
50334


50074
49926
50310
49815
49668


49522
49687
49789
49754
49528


49595
49483
49366
49451




49637
49758
49387
48987


48596
48524
48486
48523
48365


48079
48549
48377
48184
48227



48320
47909
47593
47796


47814
48143
48571
48587
48599


48698
48551
49101
49444
49176



48872
48692
48804
48104


47832
48022
47705
48017
48003


48064
48313
48392
48541
48099


48053
47919
48138
48204
48174


48278
48639
48787
48534
48474


48184
47926

47591
47521


47471
47372
47378
47412
47392


47234
47102
46869
46982
46931


46952
47121
46964
46837



46801
46605
48682
49365
49474


49696
49903
49603
49327
48882


49216
49032
49067
49089
49410


49249
49314
49251
49024
48504


48332
48414
48059
48050
48156


47836
47818
47973
47687
47593


47342
46999
47059
47413
47316


46914
46894
47076
47401
47819


47563
47521
47640
47804
47404


47274
47328
47563
47562
48263


48210
48051
48456
48401
48537


48221
48055
48178
48269
48037


47967
48055
48196
48208
47946


47690
47455
47503
47289
47325


47019
47100
47377
47272
47256


47246
47476
47382
46994



46777
46763
46529
46237
46004


46009
46165
46307
46305
46835


46717
46769
46557
46783
46807


46521
46930
47419
47181
46878


46834
47271
47135
47118
47000


46731
46731
46513
46678
46733


46823
46831
46690
46754
46733


46812
46712
46625
46792
47100


47133
47295
47105
47204
47459



47364
47296
47113
46815


46598
46534
46543
46536
46201


46289
46626
46740
46365
46202


46217
46394
46150
46232
46165


46136
46249
45873
45712
45591


45741
45851
45805
46023
46179


46432
47338
47371
47305
47410



46987
47213
46766
47038


46847
46791
46748
46675
46688


46692
46473
46566
46319
46062


46034
46237
46403
46263
46321


46674
47407
47560
47685
47857



47928
48819
50022
52185


51958
51234
50424
50851
51514


52176
52595
53374
53105
52331



51376
51261
50233
50430


49957
50194
51114
50928
51557


51272
50712
50383
50112
49204




49029
50149
49748


49408
49947
49743
50020
50084


49966
50135
50699
51166
51109


51011
51824
51796
52430
52240


52683
52107
52425
51737
51373


51289
51309
51268

50867


51040
51411
51513
51849
51906


51729
52030
51866
52262
52021


52039
52054
52178
52174
52146


51920
51820
51434
51223
51180


50954
51240
50876
50691
50147


50199
50099
49668
49705
49193


49159
48787
49296
49358
48564


48535
48899
48875
48773
48370


47864
48109
47998
47713
47529


47839
47820
48299
48275
48659


48394
48218
48150
48357
48108


47908
48127
47741
47627
48062


48447
48506
48968
49157
48503


48346
48481
48471
48571
48453


48090
48283
48561
48498
48772


48954
48631
48642
48871
48976


48744
48576
48217
48378



48507
48610
48704
48737
48398


48458
48695
48583
48732
48896


48607
48964
48715
48652
48488


48341

48487
48470
48212


48212
48344
48554
49017
48632


48780
49142
49711
50077
50376



50447
50546
51017
50783


51056
51026
51205
51791
51969


51960
51558
51247
50828
50174


50408
50185
50403
50207
50134


49909
50073
49548
49666
49959


50389
50810
50884
50535
50973



50184
49633
49618
49597


49926
49689
49334
49254
49387



49038
48882
48842
48564


48795
49310
49332
49249
48588


48364
48283
48194
48323
48460


48052
47862
47704
47707
47472


47795
48202

48179
48367


48417
48552
48241
48211
47963


48133
48112
48065
48059
48117


48025
48111
48093
48107
47749


47498
47524
47474
47354
47286





46965
47158


47201
47552
47119
47188
47048


47377
47308
47277
47341
47276


47237
47447
47401
47502
47280



47295
47154
47219
47256


47425
47567
48140
48178
47887


48030
48198
48003




48059
48229
47978
47963
47819


47979
47998
48369
48426
48394


48448
48077
47892
47781
47620


47803
48090
48105
48169
47942


48039
48128
48105
48018
47797


47704
47629
47478
47492
47495


47436
47450
47481
47442
47502


47640

47939
47909
47860




47996
47531
47325


47313
47147
47136
47115
47067


47192
47262
47490
47547
47306


47163
47202
47145
47098
47068


47099
47256
47273
47140
47144


47164
47227
47239
47323
47262


47255
47271
47220
47067
47083


47087
47189
47221
47283
47360


47318
47302
47344
47330
47296


47431
47482
47301
47270
47206


47190
47169
47116
47128
47110


47163
47238
47234
47279
47303


47277
47260
47261
47254



47203
47251
47255
47238
47083


46928
46738
46650
46854
46874


46924
47212
47207
47380
47593


47680
47774
47742
47484
47273


47205
47154

47131
47244


46973
46964
47007
47106
47203


47404
47568
47732
47871
47904


48081

48339
48451
48885


48886
48999
49031
49065
49280


49978
50199
49985
50248
50509


50152
50475
50359
49885
49671


49259
49290
49912
50068
51260


51438
51340
50856
50502
50386


50716
50499
50342
50321
50144


50696
50661
50765
50829
50573


50454

50159
49779
49952


50237
50305
50435
50434
50543


50650
50989
51434
51542
51442


51363
51233
51404
51584
51065


50705
50678
51053

50912


51035
51683
51638
51587
51365


50975
51128
51516
51363
51165


50974
50975
51038
50856
50946


50697
50774
50680
50392
50198


50414
50244





50323
49649
49719
50028
50022


50297
50420
50390
50275
50030


49888
49951
49895
50072
49836


49744
49877
49866
49689
49336


49599
50049
50001
50308
50461


50532
50697
50858




50764
51253
51490
51472
51540


51805
52000
52069
52207
52089


52073
51733
51922
52267
52273


52037
52054
52223
52410
52819


52964
53221
53297
53395
53115


52859
52708
53066
53204
53280


52950
52827
52638
52819
53002


53088
52765

52803
52524


52376


52461
52955


52880
53114
53165
53214
53397


53117
52753
52776
52951
53168


53700
54159
54393
54424
54642


55053
54834
54707
54880
54722


55384
55652
55755
55924
55614


55316
55535
55456
55291
54944


54694
54699
54811
55243
55537


55551
55510
55667
55902
56332


55938
56152
55828
56270
55954


56155
56964
57069
57324
57084


57203
57035
57091
56966
56849


56191
56270
55957
55575
55143


55053
55118
55062
55360
55597


55508
55359
54672
54813
54496


54831
54904
55422
55584



55763
55702
56170
56376
55967


56036
55950
56056

56459


56339
56509
56688
56611
55574


55577
55136
54905
55022
55362


55046
54861

55145
55070


55395
55404
55599
55298
54804


55072
55023
55068
55262
55163


54959
54989
55312
55441
55343


55480
55676
55903
55912
55669


55714
55312
55064
55009
55002


55060
55272
55209
55218
55084


54872
55049
55237
55354
55329


55405
55393

55639
56292


56686
56586
56371
56388
56330


56348
56357
56588
57051
57314


57261
57175
57666
57736
57619


57614
57430
57623
57649



57649
57615
57854
58309
58276


58319
58313
58487
58867
59328


59091
58903
59155
58852
59143


58641
58529
59234
59082
59014


59060
59471
59376




59409
60036
60030
59887
59891


59966
60166
59922
59726
59608


59864
59772
59695
59471
59213


59430
59001
58840
58822
59116


58761
58712
58392
58414
58440


58420
58510
58162
57665



57650
58062
58597
58848
59044


58972
58633
59058
59248
59414


59584
59522
59621
59953
60037


59532
59436
59789
60025
59894


60546
61079
61477
61244
61168



61140
61377
61549
61590


61745
61849
62141
61919
61416


61255
61026
60847

60917


60815
60738


60675


61247
61676
61609
61476
61308


61403
61652
61753
62538
62367


62701
62909
62723
62844
62595


62638
62567
62337
62244
62648


63203
63219
62697
62709
62480


62321
62604
62644
62822
62692


62018
61972
61972
62040
62033


61686
62118
62288
61950
61767


61876
61738
61760
61978
61961


62468
62847
63303
63759
63354


63902
63937
64084
64218
63882


63562
62700
62365
61979
62068


62279
62687
62658
61822



61477
61074
61101
61105
61391


61942
62110
61406
61670
61230


61273
61542
61642
61802
61812


61442
61108
60639
60682



61128
61448
61189
60884
61061


60577
60692
60731
60050
59840


59710
59906
60309

60541


60760
60987
61262
61614
61745


61666
62169
62221
62601
62806


63561
63370
62655
62445
63198


63106
63413
63369
63780
62959


63231
63064
63454
63282
63181



63458
63904
63904
63702


63639
64150
64833
65240
64694


64615
64768
64360

64307


64490
64930
65117
65419
65429


66067
66518
66450
66552
67219


67111
67844
67736
68255
68412


67836
67643
68032
68176
68489


68383
68936
69725
69488
69419


69394
70568
69991
70624
69969


69012
69525
69188
68824
68841


69122
69378
68833
68833
69103


68454
68865
68638
68016



67674
68267
69647
70043
70592


69791
70529
70468
69872
69553


69533
68583
68129
67859
68170



67537
68305
68107
67562


67391
67931
68421
69270
69162


68695
68564
68745
68737
69034


69032
69192
69119
68894
69349


69707
70126
70270
69908
70251


70509
70959
71046
71412
71196


70904
71566
71142
71347
71213


71263
71120
70715
70347
70156


70104

70634
70470
70354


70711
71152
70982
70923
70850


70270
69437
69372
69626



70077
70442
70734




71016
71694
71508
71584
72131


72331
72978
73028
72657
72598


73031
73020
72619
72922
72663


71563
71746
72014
71621
71172


71037
71444
71354
70943
69849


70002
70975
71541
71134
71347


70863
70139
70492
70544
70074


70238
69378
69323
69847
69136


68918
69417
69482
68848
68664


68139
68163
68200
67872
67822


68300
68474
68598
68811
67206


67197
67752
67742
67716



68236
68084
68316
67510
66980


67124
66955
67493
67662
68079


68245
68216
67458
67080
66838


66660
66600
65790
66038
66034


66680
66836
66901
66849
66340


65934
66088
66789
67036
66743


66689
67097
67720
67850
68255


68934
69252
69277
69132
69696


69219
69389
69287
69224
68734


68743
69027
68981
69361
69136


68327
68055
67985
67314
67818


68367
68500
68834
68589
68983


68564
67980
67603
67280
66988



68021
67416
66149
66137


65964
65926
66129
66451
66406


66150
65784
65782
65820
65092


65058
65084
65153
65143
65009


65078
65633
66104
66494
66494


65695
65747
65476
65721
65736


65698
65479
65306
64929
64522



64831
64901
65746
65605


66094
66731
66857
67149
66594


66293
67132
67317
67857
68028


67543
67361
66949
66095
66193


67061
67418
67297
67493
67136



67467
67273
66689
65732


65971
66234
66196
66227
65908


65802
65859
66229
66486
66697



66793
66747
66719
67088


67037
67061
66847
66741
66674


66709
66038
65398
65362
65165




65118
65355
65072


65487
65466
65132
65095
65636


66323
66829
66893
67577
67438


67828
67539
67437
67924
67756


67803
67591
67548
67354
67476


67258
66890
66205

65607


65355
64940
65025
65494
66368


67016
67711
67609
67224
67496


67348
67269
67373
67306
66729



66947
67336
67178
66641


66529
67035
67094
67169
66301


66013
66138
65785
65891
66018


65949
65292
65384
65098
64831


64992
64887
64619
64697
64318


64180
63935
64606
64658
64682


64262
64240
64189
63993
63835


64349
64221
64363
64151
64036


64566
64519
64888
65098
65411


65557
65871
66002
66165
66484


66340
66543
66907
66952
66120


66115
66235
65783
66284
66242


66164
66374
66604
66361
66266


66397
65816
66142
65774
65651


65647
65422
65280
65365



65000
64747

64768
64926


65065
65371
66004
66535
66428



66541
66695
66898
67389


67488
67632
67905
67292
67155


67103
66803
66626
66862
67580


67030
66821
67240
67427
66942


67025
67402
67531
67235
67237


67041
66889
66870
66836
66628


66447
66163
66219
65946
66523


66373
66247
66376
66454
66400



66172
66209
66236
66321


66429
66195
66336
66594
66622


66661
66653
66659
66346
66071


65818
65692
65601
65371
65156


65182
65065
64877
64875
64799


65158
65223
65193
65277
65017


64988
65052
64953
64950
64742


64777

64759
64586
64529


64657
64273
64147
64147
63864


63661
63033
62668
62836
62889


62420
62468
62155
62059
61558


61836
62169
62431
62612
62726




62553
62187
62394


62385
62837
63337
63828
63685


63793
64052
63579
63067
62884



63332
62880
62677
62499


62213
61968
62207
62503
62555


62868
63097
63196
63112



62962
63649

63680
63197


63081
63297
63372
63180
63146


63061
63243
63059
63190
63041


62921
63671
63572
63482
63423


63366
63580
64109
64241
64532


64878
64821
65252
65382



65527
65553
65574
64940
64105


63837
62286
62062
62058
62054



62211
61903
61658
61522



61475
60949
60484
60400


60604
60629
60725
60917
60804


60409
60169
60169
60499
60545


60655
60628
60815
60412
59933


60037
60463
60442
60325
59919


60126
60307
60123
59653
60074


60307
60035
59699
59666
59266


59315
59458
59563
59470
59473


59156
58828
58915
59361
59615


59804
60051
59593
60191
60522


60356
60385
60219
60116
60354


60760
60939
60958
60723
60776


60814
60607
60565
60526



60339
60406
60366
60481
60271


60517
60454
60199
59920
59696


59545
59599
59582
59441
59442


59626
60058
59987
60316
60331


60574

61098
61769
61918


62136
62708
63600
63292
62682


61850
62294
63273
63089
63236



63703
62717
62501
62431


62529
62439
62752
62833
63129


63186
63038
63392
62921
63063


63045
63281
63417
63457
63399


63635
63735
64151
63903
64069


63745
63938
64021
64587
64795



65121
65205
65320
65529


65733
65174
65043
65237
64805



64859
65389
65552
66171


65909
66243
65572
64914
64840


64319
63879
63920
64105
64432


64383
64678
64211
64410
64595


65398
65870

66175
66613


66844
66982
66502
66067
66558


66264
65681
65845
66681
67538


68048
68413
69313
69105
68497


68844
69262
69843
69106
68279





68486
67374


66644
66717
67084
66390
66150


66042
65625
65891
65930
67040


67260
68067
68349
68357
68370



67821
67045
67008
67468


67689
68021
68509
68688
68748


69001
68790
69331




69856
68278
68003
67613
67594


68141
68546
68876
68700
67849


67241
67005
67135
66945
66746


67331
67589
67597
67236
66943


67109
66649
66902
67179
67778


67404
67700
67990
67877
68117


68644
68513
68853
68846
68811


69187

69269
69378
69569




69477
69709
69764


68842
67969
68010
67809
67758


67515
67495
67376
67273
67137


67010
67242
67226
67241
67214


66704
67129
66960
66676
65781


65539
65380
65278
65390
65444


65646
66082
66049
66160
66590


66398
66082
65875
65452
65433


65136
64922
64980
64992
65179


65657
65907
65749
65840
66219


67083
66937
66709
66568
67062


66939
66721
66478
66613
66512


67660
67908
67902
68373
68109


67853
67256
67005
66755
66632


66417
66301
66315
66292
66419


66067
66286
66398
66048



66227
66391
66819
67283
67621


67386
67767

67871
68331


67868
68109
68349
68451
68643


68567
69304
69233
69262
69279


69661

69723
69670
69803


69484
69646
70348
70820
70786


70980
70459
69678
69325
69221


69228
69734
69360
69489
69625


69872
69952
69681
69399
68419


68341
68231
67832
68006
67986


67915
67762
68130
68048
67764


68312
68583
68888
68540
68338


68107

67948
68169
68327


68581
68828
69157
69136
69416


69662
69722
69998
70082
70488


71113
72170
71635
71855
71098


71204
71669
70837

71014


70926
71194
71063
70952
71322


71640
71875
72155
72420
72065


72020
72472
72569
72330
71752


71122
71372
71477
71439
71129


70707
70981





71524
72217
72192
72708
72617


72568
72821
72938
72780
71953


71553
71705
72228
72427
72061


71298
71204
71548
71869
71323


70971
72352
72624
72615
72343


72587
72437
72634




73505
73666
74585
74365
74023


74623
75608
78372
79451
80183


78282
77381
78271
79717
79514


79594
79116
79349
80630
82825


81213
80429
80244
79675
78425


77904
77129
77814
77293
76869


76676
76283
75695
75230
75260


74983
75427

75104
74666


74462


74874
75416


75849
77182
77312
76683
76469


77056
77766
77229
77201
77336


77138
76993
77050
77212
77194


77652
78786
78813
78818
79796


79911
79092
78178
77699
77912


78880
79588
79248
78833
79512


79273
79195
79690
79740
80474


80982
81020
80796
81110
81626


81832
81745
80981
81219
82328


82895
84106
83422
83548
85206


83666
85051
85509
86269
86783


85101
86107
84704
84396
83605


83523
84630
85203
86381
86189


86399
85391
84205
85190



83949
84457
84863
85931
85252


84945
85623
86206
85651
85887


85995
85676
85041
83662



83792
83874
83284
83908
83627


82765
82605
82188
82038
82293


82386
82065
81908

80617


80575
80374
80210
81647
81274


80632
79646
78286
76913
77558


76497
76926
77196
76793
78465


79073
79687
77910
79853
81219


81733
81602
81790
82068
81325



81636
82123
81629
80398


80146
79879
79388
78618
78174


79082
78822
78787

78750


78726
78604
77766
76906
76717


76863
76881
76782
75918
75445


75706
76134
76798
77482
77718


78428
79658
79361
79269
79332


79673
80340
79623
78425
78584


79088
78617
78444
78691
78427


77992
77646
77059
77145
77371


77376
77324
77665
76787
76499


76834
76701
76001
76154



76434
77283
77340
78144
78802


78715
78419
78446
78815
78504


79081
79434
79735
79505
79725



79605
79766
79856
80191


79568
78827
78666
78407
78141


77772
77957
77205
77556
77045


77192
76917
75853
75716
75201


75925
75375
76090
75742
75743


76670
76786
76705
75810
75862


76155
76596
77283
77168
76600


76669
76729
76016
75534
75203


74761

74482
73945
73817


73355
73158
73423
73509
72344


72385
73070
72896
71625



71026
71064
71124




71095
70293
70229
69618
70999


71328
71889
72524
73972
73535


73506
73611
73373
73038
71556


72426
73192
73100
73688
74140


73462
73166
73486
73053
73723


73665
73507
73313
72890
72252


72439
71845
71738
71978
71214


70712
70965
70676
70365
70804


71991
72120
72674
73130
72915


73311
73846
73342
72889
71840


71837
72149
72347
73093
72459


71796
71646
72062
72335
73082


72950
73617
73211
72182



71712
71790
71817
71421
70809


71123
70951
70871
70725
70198


70155
70096
69719
69680
70541


71254
70705
70202
70015
70509


71106
70629
70525
70309
70127


69447
69374
70004
70719
70864


70317
71562
71363
71531



71641
72709
73475
73282
73043


72492
72211
72152
72044
71993


71712
71606
71782
71898
72077


72028
71917
72511
72662
73569



74617
74934
73513
73110



73225
73528
72776
73779


73506
73466
74325
75136
75367


74870
74410
74656
74793



75417
75971
75885
75537
75081


75844
76421
76103
76729
75853


76020
76139
77454
77554
77669


78450
78740
78008
77301
77278


77425
78418
78962
78771
78998


78643
78330
78217
78303
78506


78439
77997
77514
76710
76836


76653
77033
77794
78751
79128


78991
78426
78325
78185



78059
78805
78510
78503
78724


78898
79548
79863
80359
81190


80390
80589
81063
81628
81362



82018
82756
82019
81681


82619
82029
81333
81155
81761


81658
81016
80655
80432
80547



81091
81442
81552
81558


81240
80661
79778
79171
79130


79780
80196
80624
81956
83457


83272
80814
80994
81170
81959


82994
83673
83755
82817
83772


83769
84232

83953
84132


84916
84343
84643
84852
84965


84664
86321
86876
86625
85714


86329
85859
85594
85025



84469
85143
85203
84163
83888


83159
83139
83260
82651
82187


81539
82200
82060
81346
80525


79923
80031
80606
79886
79915


81012
80388
80152
80595
81729


82558
82693
82433
82079
80420


80624
81224
80417
79955
79898


79391
79999
79625
78705
80726


80525
79801
80327
80731
80097


80689
80860
81203
80357
80603


80248
80841
81503
80355
79813


80223
79850
79322
79444
78987


78589
77862
77710
78716
78798


78345
77933
78328
79458
80788


81428
81853
80673
80478



81473
81770
81818
81629
81785


83445
85085
84757
84744
85658


85078
86064
85674
85933
86310


85758
86787
86806
86176
86793


86104
85798
85078
84990
84238


83358
82959
83399
83543
82961


82225
82626
82435
82528
81556


81338
81799
82899
82166
82719


83861
86333
86679
86395
86962


87565

88082
88664
89880



91149
90532
91997
93208


93454
92753
94851
97266
95970


96674
98995
100881
101016
104297


98822
94090
92983
91993
92749


93283
94103
92204
92049
91142


90510
89319
89722
90782
90391


91449
90603
90078
88938
88233



88272
88220
89576
91820


94535
94547
92694
91560
91003


90022
89090
88211
89804
89824


88552
86628
88851
88634
88104


88515
89869
91027
91711




92260
92825
93882
94307


96518
98707
98283
97114
96600


96024
95542
93112
94202
94392



94506
93388
93314
94475


95072
96773
97203
97806
97208


97849
98391
97112
95300
94531




93635
93779
94874


93237
91958
90735
90442
89354


88746
89872
88914
89568
92086


92930
94706
93529
92463
91196


91581
91636
90570
89482
88577


88187
88626
88474

87858


86151
86003
85807
86285
87556


88599
88827
88965
87948
86701


87622
87919
87675
85676
85951



85586
85214
85510
85631


84638
83719
83373
82567
82232


82433
82159
82089
81245
82874


82102
81411
80545
80368
80258


80314
81037
80428
79180
78149


78888
80479
79946
79319
79627


80078
79379
78949
79262
79435


79225
79170
79775
79942
80293


81867
83124
82997
81524
81456


80891
80300
79818
80288
80088


79719
80314
80071
81742
82465


83065
82635
82155
81876
80523


81148
80658
79976
79218
78932


79041
80128
81064
81022



81464
82149
81175
80289
79581


79728
80126
79523
79693
79164


79596
81475
81390
80521
80161



80330
80875
80603
80054


79546
79343
79246
78815
79638


78700
78335
79444
79724
79604


79700
80024
80171
80903
80924


80411
80214
80394
81161
80460


79797
79774
79779
79347
79075


78720
80684
80438
80012
79697


79335
79563

80190
80502



80821
80033
80089
80268


80166
79929
79647
79787
80449


80652
81198
81678
81124
80861


81344
82076
81558
81143
80762


82195
82710
82890
82580
82601


82784
84069
84302
84777
85399


84850
85610
86322
85868
85170


85330

85903
85987
86472


86795
86951
86697
86097
85477


84308
84886
85759
85422
85386


85057
85499
86967
87292
87977


89268
89081
89717
88834
88584




88789
88231
89173


88921
90014
90431
90462
90684


89560
90226
91430
91326
91734



91942
92707
92481
93345


94204
94280
94561
93721
94046


94242
93826
92905
92289



92841
91028

89944
88974


88130
87978
88628
89600
90289


91658
92165
90736
89018
88117


88436
87899
87370
87486
87137


87389
87203
86947
86786
86956


86286
86208
87425
87442



86801
88000
88062
87677
86637


87259
87548
86323
86877
87295



88399
89577
88634
88459



87712
88092
88439
88445


89307
90131
91471
91907
91137


90867
91202
92206
92677
91862


91073
90563
90887
90851
91097


91616
92763
93266
93226
93601


94384
95573
94981
94790
95786


96873
97222
97156
95986
96194


96904
96623
96368
96752
97277


98376
98685
98453
98019
96991


96641
97192
97636
98126
98380


96495
96629
96518
94888
94556


94142
94511
96206
97591
97154


98024
97776
98171
98238



98171
98259
97996
96283
94272


94892
94671
94061
95351
95703


96459
97807
98505
97497
96844


95632
95375
95077
95458
94861


94768
94362

95425
95436


93829
93017
93429
93676
93099


92200
92210
91687
90906
90153


89711

88679
90467
90895


90317
90028
89813
90767
91798


91677
90794
90537
90625
91045


91684
92324
92418
91486
91949


92847
93868
93491

92792


93734
94172
94231
94778
95102


94434
94389
94699
93957
93655


93351
93917
93231
91886
90892


91014

91079
92191
94015


94377
94910
94669
94879
94739


95029
95663
95658
94378
93894


95111
95757
94718
94396
93718


93262
93196
93228

93139


93384
92936
92258
91897
91994


91101
90735
90732
91208
91738


91399
91514
92622
93786
94154


94318
94622
94885
94344
93357


92561
92337





92715
92481
91151
91224
90091


89625
89768
90113
90823
91949


92374
92586
93362
93484
93126


92607
92837
93729
94130
94501


94699
95439
94900
94820
94529


94934
94588
95089




96129
95654
95490
96860
95099


96309
98047
98376
98161
97544


97451
97686
97321
97268
97129


98208
97689
97506
97541
97732


97766
97910
97275
97437
97165


97162
96992
97243
97581
97567


98325
98993
99087
98844
99635


99118
99278

98907
99095


99212


99646
99984


101182
101098
100585
100751
100392


100920
101276
100467
100193
101068


101236
100193
100214
99522
98983


98295
98564
99207
99094
98810


98422
98712
97758
96947
96759


96060
96081
96189
95663
94952


93954
94713
95043
95178
94465


94252
94696
94099
94176
95121


95422
95311
94887
93670
92652


92825
93113
93745
93228
94020


93236
92332
91797
91776
92615


93214
92641
91992
92098
93175


94610
95307
94628
94983
94659


97582
99068
99389
100001
98897


97809
96607
96715
96923



96871
96114
95004
93802
93781


93674
93754
94542

95567


94095
94018
93967
94544
94122


93326
94120
94018
93943
94025


94446
93669

94221
94484


94081
93828
93793
94021
93737


94197
93965
94153
93689
93079


93391
93709
93888
93636
93025


93778
93521
93929
94336



94703
95016
93789
93629
93067


93574
93342
92662
92651
92787


93234
94028
94539
94833
95043


95573
96722

96565
96678


96155
95665
95340
94893
95127


95782
96975
97009
97807
97680


96748
96428
96602
97642
97188


96564
96977
96228
95237



96184
96624
96357
96506
96863


96415
96251
96501
96864
96748


96528
96835
97413
96946
97122


96458
96707
96635
96273
95547


95458
95114
94857




95103
95472
95287
95324
95642


95890
96124
96239
95919
96154


96317
96309
96161
95145
94877


95437
95766
96369
95936
95613


96034
95321
95178
95046
94534


94347
93819
94163
94057



94369
94053
94513
94560
94084


94624
94085
93689
93237
92563


93263
91982
92926
93136
92900


93736
93957
93715
93089
92914


92816
92795
92537
91946
91815



92002
92689
92399
91690


91266
91203
91374
91745
91499


90990
90840
90644

90504


90454
91118


90713


90155
90514
89682
89533
89689


89554
88571
88396
88274
88457


88701
88866
88954
87821
87222


87071
86298
86217
85795
85845


86510
86852
85953
85759
86567


85966
85425
85606
85638
85441


86350
86291
86824
86329
86674


86713
86729
86536
85758
86119


87141
88421
90632
89514
90766


92176
91636
89369
89586
90994


91398
90911
90615
91241
92052


92367
91515
91576
91383
92325


92990
93157
92746
91595



92217
91447
92259
89528
89417


89033
89939
88697
88609
88632


87632
88122
88779
88987
89218


89507
89418
89603
90176



90305
91001
90536
89283
88771


89089
89425
89991
88919
89100


90668
90159
90751

89968


89986
89325
89467
89479
89289


89064
89291
88836
89429
89499


91029
91891
91639
91597
90902


89930
89013
88653
88346
89719


90060
90578
91558
92142
91697



92234
92221
92735
92170


92174
92625
92736
93571
92899


92494
92884
92478

92450


93392
93300
93284
93639
94624


94614
94193
93616
93557
92478


92842
92489
91446
91158
91386


91177
91630
91441
91200
91320


91315
91419
92212
92026
92323


91817
91464
91143
91842
92525


92918
93340
93686
93632
93347


93435
93382
92694
92597
93717


94091
